0 495 ILEMTL_SR1996 ID
1 200         1910.48125
1 438         2853.19034
1 11         2857.28344
1 453         3029.22353
1 450         2981.27815
1 199         1851.68164
1 198         2338.67269
1 451         3046.37172
1 452         2556.67596
1 7         1774.07995
1 4         1172.51824
1 3         932.358355
1 2         426.354399
1 5         881.215066
1 6         1548.12827
1 8         2004.79342
2 200         1493.73169
2 438          2652.4133
2 11         2638.19014
2 453         2610.07273
2 450         2586.43965
2 199         1434.27951
2 198         1966.48312
2 451         2622.21577
2 452         2146.92912
2 7         1520.46367
2 4         847.574309
2 3         513.636793
2 1         426.354399
2 5          931.07419
2 6         1603.28277
2 8          2038.6248
3 200         980.185576
3 438         2364.85675
3 197         3091.30772
3 11         2577.63716
3 455         3060.18071
3 454         2717.70993
3 453         2160.41821
3 450         2081.04914
3 199         1010.35893
3 198         1657.49923
3 451         2115.42213
3 452         1734.18007
3 7         1468.15105
3 4         771.635627
3 2         513.636793
3 1         932.358355
3 5         1294.42258
3 6         1910.93824
3 8         2304.93025
4 200         1338.05612
4 438         3105.31424
4 203         3066.76387
4 9         3010.09484
4 10         3021.14956
4 13         2912.12754
4 12         2655.25055
4 197         2449.77539
4 11         1827.45594
4 455         2734.36581
4 454         2671.88925
4 453           2006.075
4 450         2472.69163
4 199         893.136166
4 198         1181.15955
4 451         2249.25387
4 452         1490.41442
4 7         705.812304
4 3         771.635627
4 2         847.574309
4 1         1172.51824
4 5         906.877334
4 6          1331.9573
4 8         1651.76368
5 200          2155.8139
5 9         2771.21266
5 10         3049.92602
5 13         3101.77068
5 12         2926.49841
5 197          2983.5122
5 11         2116.84968
5 453         2900.40593
5 199         1798.25875
5 198         1992.35964
5 451          3147.7054
5 452         2377.05813
5 7         1170.98078
5 4         906.877334
5 3         1294.42258
5 2          931.07419
5 1         881.215066
5 6          680.50572
5 8         1130.74219
6 200         2667.42302
6 9         2129.47785
6 10         2512.34358
6 13         2652.18368
6 12         2537.18261
6 197         2786.32902
6 11         1803.91048
6 453         3150.18699
6 199         2182.47495
6 198         2142.87903
6 452          2623.5194
6 7          1206.8354
6 4          1331.9573
6 3         1910.93824
6 2         1603.28277
6 1         1548.12827
6 5          680.50572
6 8         458.061163
7 200         1804.07698
7 14         3018.77956
7 202          2969.6552
7 203         2630.03961
7 195         2827.88144
7 9         2396.24414
7 10         2326.78323
7 13          2206.5152
7 12         1954.68267
7 197         1838.79694
7 11         1123.50091
7 455          2450.2344
7 454         2666.54818
7 453         1961.91292
7 450         2850.51942
7 199         1165.05215
7 198         938.362856
7 451         2437.97862
7 452         1443.03276
7 4         705.812304
7 3         1468.15105
7 2         1520.46367
7 1         1774.07995
7 5         1170.98078
7 6          1206.8354
7 8         1333.37816
8 200         2983.24102
8 14         3072.91602
8 9         1677.92466
8 10         2121.72107
8 13         2321.52494
8 12         2253.06736
8 197         2633.82628
8 11         1610.03297
8 199         2434.06194
8 198         2253.85189
8 452         2774.92907
8 7         1333.37816
8 4         1651.76368
8 3         2304.93025
8 2          2038.6248
8 1         2004.79342
8 5         1130.74219
8 6         458.061163
9 20         2977.94588
9 15          2610.0687
9 19         2691.14844
9 18         2450.90382
9 16         2041.81387
9 17         2060.15412
9 196         2860.49209
9 14         1818.71511
9 195         2509.40512
9 10         892.312109
9 13         1398.60707
9 12         1601.17575
9 197         2432.56568
9 11         1675.88552
9 198         3009.69427
9 7         2396.24414
9 4         3010.09484
9 5         2771.21266
9 6         2129.47785
9 8         1677.92466
10 194         3075.78396
10 204         2751.43836
10 201         2776.65023
10 30         3104.69657
10 26         3084.14695
10 20         2818.37741
10 15         2143.05122
10 19         2548.72228
10 18         2340.99727
10 16         1792.20949
10 17         2103.83519
10 196         1986.02026
10 14         989.284231
10 202         2495.39135
10 203         2832.16838
10 195         1621.16461
10 9         892.312109
10 13         540.563403
10 12         826.948611
10 197         1718.71001
10 11         1295.70719
10 198         2670.86745
10 452          3163.2145
10 7         2326.78323
10 4         3021.14956
10 5         3049.92602
10 6         2512.34358
10 8         2121.72107
11 200         2718.19094
11 204          3063.3083
11 201         2772.08339
11 459          2892.8479
11 458         2954.18104
11 16         3073.62778
11 196         2473.35869
11 14          1896.1269
11 202         2188.02789
11 203         2136.44908
11 195         1792.19461
11 9         1675.88552
11 10         1295.70719
11 13         1087.87161
11 12         834.436807
11 197         1029.59755
11 455         2287.42612
11 454         2927.03631
11 453         2284.39024
11 199         2027.53848
11 198         1386.29399
11 451         2988.95961
11 452         1902.32115
11 7         1123.50091
11 4         1827.45594
11 3         2577.63716
11 2         2638.19014
11 1         2857.28344
11 5         2116.84968
11 6         1803.91048
11 8         1610.03297
12 461         2916.43779
12 206         3116.41367
12 205         2784.97461
12 204           2336.761
12 201         2177.76727
12 459         2481.07894
12 458         2734.03009
12 15          2557.5008
12 18         2995.03971
12 16         2407.48446
12 17         2838.30355
12 196         1678.64259
12 14         1081.89982
12 202         1757.83313
12 203         2013.03223
12 195         1068.19219
12 9         1601.17575
12 10         826.948611
12 13         346.872296
12 197         893.037713
12 11         834.436807
12 455         2418.38585
12 453         2734.06289
12 199         2753.83292
12 198         2033.74742
12 452         2469.90577
12 7         1954.68267
12 4         2655.25055
12 5         2926.49841
12 6         2537.18261
12 8         2253.06736
13 194         2994.96701
13 193         3137.97977
13 461         3046.38318
13 206           3090.926
13 205         2833.28566
13 204         2331.23808
13 201         2278.24138
13 459          2667.4898
13 458         2984.13292
13 30         3142.21349
13 20         3081.67475
13 15         2247.02974
13 19         2831.91001
13 18         2650.14651
13 16         2064.57204
13 17         2492.20867
13 196         1607.80317
13 14         817.111722
13 202         1957.86537
13 203         2302.12949
13 195         1124.36745
13 9         1398.60707
13 10         540.563403
13 12         346.872296
13 197          1220.9019
13 11         1087.87161
13 455         2746.26334
13 453         3080.88802
13 199          3069.8784
13 198         2363.18189
13 452         2811.06733
13 7          2206.5152
13 4         2912.12754
13 5         3101.77068
13 6         2652.18368
13 8         2321.52494
14 194         2178.75523
14 193         2352.17908
14 192         3124.75249
14 189         2802.74081
14 190         2871.66239
14 462         3140.27116
14 208         3054.36201
14 461         2835.97202
14 206         2536.52504
14 207         2588.43205
14 205         2443.21184
14 204         1856.28108
14 201         2048.62037
14 459         2624.42974
14 458         3106.81906
14 191         3019.12318
14 31         3157.23964
14 30         2342.27536
14 29         2832.61031
14 27         2912.36037
14 26         2489.45748
14 25          2671.1343
14 21         2951.74834
14 20          2456.0076
14 15         1499.42732
14 19         2240.67393
14 18         2103.54206
14 16         1509.51569
14 17         2086.17675
14 196         1069.88224
14 202         2012.71553
14 203           2590.052
14 195         1015.18688
14 9         1818.71511
14 10         989.284231
14 13         817.111722
14 12         1081.89982
14 197         1743.75379
14 11          1896.1269
14 198         3094.12103
14 7         3018.77956
14 8         3072.91602
15 184         3144.24286
15 186         2941.54405
15 194         1221.79332
15 193         1747.59072
15 192         1991.68074
15 185         2680.63105
15 187         2796.19703
15 188         2610.53469
15 189         2303.81175
15 190          2055.1002
15 158         3004.38015
15 157         2611.94233
15 156         2914.44636
15 154         3056.48047
15 35         2913.86828
15 37         2743.33789
15 208         3119.90293
15 209         3077.55652
15 206          2789.7705
15 207         2525.10358
15 205         3062.00696
15 204         2459.52735
15 201         2988.86843
15 34         2469.22724
15 33         2464.63985
15 32         2480.27377
15 23         2248.93452
15 191         1713.00231
15 31          1764.9353
15 28         1838.97341
15 30         988.169061
15 29         1377.86548
15 24         1813.91101
15 27         1422.00556
15 22         1831.03558
15 26         990.495733
15 25         1184.21611
15 21         1535.81391
15 20         1101.22434
15 19         997.379075
15 18         1010.21783
15 16         735.082542
15 17         1346.42022
15 196         1890.71364
15 14         1499.42732
15 195         2327.70863
15 9          2610.0687
15 10         2143.05122
15 13         2247.02974
15 12          2557.5008
16 194         1956.41846
16 193           2473.394
16 192         2683.44752
16 189         3028.83878
16 190         2789.25205
16 37         3080.04052
16 204         2947.69974
16 34          2893.9027
16 33          2947.5312
16 32         3010.12343
16 23         2462.48619
16 191         2344.60586
16 31         2328.54458
16 28         2258.04963
16 30         1639.10477
16 29         1886.88467
16 24         2127.29601
16 27         1832.90657
16 22         1963.42913
16 26         1383.47987
16 25         1417.91418
16 21          1539.3093
16 20         1027.66798
16 15         735.082542
16 19         767.756386
16 18         597.035601
16 17         682.238024
16 196         2261.03897
16 14         1509.51569
16 195         2497.79953
16 9         2041.81387
16 10         1792.20949
16 13         2064.57204
16 12         2407.48446
16 11         3073.62778
17 194         2529.02616
17 193         3088.88617
17 192         3138.87336
17 37          3120.8474
17 34         3031.16477
17 33         3141.80984
17 23         2424.93485
17 191         2730.02527
17 31         2639.47035
17 28         2430.75538
17 30         2087.60313
17 29          2177.3167
17 24         2213.11781
17 27         2040.16216
17 22         1901.54271
17 26         1645.27546
17 25         1541.06638
17 21          1427.1993
17 20          1001.4195
17 15         1346.42022
17 19          733.60988
17 18         500.613602
17 16         682.238024
17 196         2925.63307
17 14         2086.17675
17 195         3098.45936
17 9         2060.15412
17 10         2103.83519
17 13         2492.20867
17 12         2838.30355
18 194         2109.21142
18 193         2697.39182
18 192         2658.30467
18 190         2909.14139
18 157         3040.91968
18 35         3064.79367
18 38         3127.63435
18 37         2663.49993
18 34         2547.69511
18 33         2648.76548
18 32         2753.74658
18 23         1991.30897
18 191         2236.57656
18 31         2139.29592
18 28         1938.15548
18 30         1614.97985
18 29         1677.05079
18 24         1736.34101
18 27         1541.74523
18 22         1471.92498
18 26         1145.25466
18 25           1048.608
18 21         1011.98753
18 20         530.549057
18 15         1010.21783
18 19         245.521772
18 16         597.035601
18 17         500.613602
18 196         2791.59451
18 14         2103.54206
18 195         3081.19168
18 9         2450.90382
18 10         2340.99727
18 13         2650.14651
18 12         2995.03971
19 194         1993.65158
19 193         2599.73825
19 192         2475.58263
19 189         3142.66484
19 190         2770.17659
19 157         2818.62103
19 156         3101.49219
19 154         3109.82492
19 36         3096.52551
19 35         2821.93405
19 38         2883.25691
19 39         2965.35809
19 37         2418.54423
19 34         2303.63974
19 33         2408.68646
19 32         2518.85008
19 23         1750.93751
19 191         2035.38154
19 31         1919.70065
19 28         1697.68133
19 30         1449.71715
19 29         1457.86553
19 24         1491.04423
19 27           1307.785
19 22         1234.14329
19 26         930.213326
19 25         807.762341
19 21         783.615891
19 20         286.909195
19 15         997.379075
19 18         245.521772
19 16         767.756386
19 17          733.60988
19 196         2851.77836
19 14         2240.67393
19 9         2691.14844
19 10         2548.72228
19 13         2831.91001
20 194         1937.60478
20 193          2558.9831
20 192         2316.17022
20 185         3042.99237
20 189         3087.15816
20 190         2672.41963
20 158         3118.03322
20 157         2591.44635
20 156         2867.35995
20 155         3108.95571
20 46         3102.52031
20 154         2854.79099
20 47          3116.8946
20 36           2823.246
20 35         2551.42387
20 38         2597.08632
20 39         2679.25605
20 37         2133.17852
20 34         2029.79188
20 33         2146.10627
20 32          2267.9206
20 23         1464.46216
20 191         1849.91358
20 31         1702.20847
20 28         1435.94379
20 30          1333.7269
20 29         1246.36274
20 24         1212.28117
20 27         1065.61771
20 22         949.358996
20 26         742.179026
20 25         553.543919
20 21         511.822258
20 15         1101.22434
20 19         286.909195
20 18         530.549057
20 16         1027.66798
20 17          1001.4195
20 196         2989.81506
20 14          2456.0076
20 9         2977.94588
20 10         2818.37741
20 13         3081.67475
21 194         2137.30064
21 193         2762.64774
21 192          2305.2923
21 185         3005.91606
21 190         2774.99861
21 158         2962.68536
21 159         3156.71956
21 157         2401.26708
21 156         2650.61416
21 155         2871.56381
21 152         3103.75257
21 153         2899.68505
21 46         2682.27354
21 44         3046.46916
21 154         2570.24839
21 48         3082.75738
21 47         2745.20131
21 45         3042.03364
21 36         2465.96418
21 35         2210.54804
21 41         3067.78838
21 40         2713.92424
21 38         2156.66605
21 39         2200.79088
21 37         1707.06398
21 34         1683.23236
21 33         1847.54764
21 32         2010.16861
21 23          998.23795
21 191         1798.97818
21 31         1574.78481
21 28          1171.9121
21 30         1469.33724
21 29         1175.00518
21 24         871.945446
21 27         919.876235
21 22         475.378163
21 26         827.131207
21 25         510.865312
21 20         511.822258
21 15         1535.81391
21 19         783.615891
21 18         1011.98753
21 16          1539.3093
21 17          1427.1993
21 14         2951.74834
22 194         2169.99201
22 193         2775.02941
22 192         2134.32422
22 185         2789.82722
22 190         2690.93559
22 158         2648.87373
22 159         2821.74956
22 160         3011.86718
22 157         2071.93007
22 156         2294.81802
22 155           2496.823
22 152         2713.49003
22 151         2984.54652
22 153         2473.36218
22 46         2210.01858
22 44         2571.14878
22 154         2166.73555
22 49         2939.21893
22 48         2619.59367
22 51         3159.84872
22 47         2289.67775
22 43         2908.00915
22 45         2568.87785
22 36         2019.18015
22 35         1775.54622
22 41          2595.0304
22 42         2771.40261
22 40         2243.59507
22 38         1681.68942
22 39         1732.54062
22 37         1235.63778
22 34         1253.71859
22 33         1448.56358
22 32         1637.96003
22 23          523.40989
22 191         1618.78822
22 31         1340.41332
22 28          844.53312
22 30         1491.57731
22 29          1043.5694
22 24         504.728965
22 27         767.580252
22 26         924.641414
22 25         651.517553
22 21         475.378163
22 20         949.358996
22 15         1831.03558
22 19         1234.14329
22 18         1471.92498
22 16         1963.42913
22 17         1901.54271
23 139         3168.81398
23 148         3014.76834
23 149         2789.22324
23 146         3149.02058
23 147         3065.32408
23 150         2851.22461
23 194         2352.49678
23 193         2913.76962
23 192          2094.4814
23 185         2666.14086
23 190         2728.52708
23 158         2397.94264
23 182         2948.77485
23 159         2536.02106
23 160          2694.9866
23 157         1818.83343
23 156         1992.18933
23 155         2158.83908
23 152         2346.53135
23 151         2590.70403
23 153         2050.73669
23 161         2910.01107
23 162         3146.05107
23 46         1699.27706
23 44         2048.54326
23 53            2816.45
23 154         1789.87763
23 49         2436.09206
23 48         2127.77495
23 51         2639.39127
23 47          1815.2169
23 58         3168.24591
23 43         2388.19173
23 52         2769.26337
23 45         2055.11664
23 36         1565.49604
23 35         1351.04814
23 50         2824.69515
23 41         2072.36878
23 42         2254.99179
23 40         1723.20177
23 38         1163.11691
23 39          1215.3642
23 37         733.452921
23 34         866.808691
23 33         1112.39629
23 32         1338.50159
23 191         1604.67858
23 31         1286.58524
23 28         748.073426
23 30         1709.04871
23 29         1167.60372
23 24         500.109367
23 27         939.353322
23 22          523.40989
23 26         1273.65909
23 25         1077.74514
23 21          998.23795
23 20         1464.46216
23 15         2248.93452
23 19         1750.93751
23 18         1991.30897
23 16         2462.48619
23 17         2424.93485
24 181         2956.02078
24 180         3077.17376
24 183         3096.38471
24 184         2864.77099
24 186         2816.77649
24 148         3133.80209
24 149         2893.32029
24 146         3154.09782
24 147          3103.8554
24 150         2809.76527
24 194         1854.29767
24 193         2423.86193
24 192         1670.54473
24 185         2300.51358
24 187         2785.87767
24 188          2769.9061
24 189         2825.64995
24 190         2269.98256
24 158          2144.4959
24 182         2687.69657
24 159         2320.20818
24 160         2515.46138
24 157         1568.55484
24 156         1798.08889
24 155         2008.62926
24 152         2235.00484
24 151         2517.66114
24 153         2030.72713
24 161         2770.05919
24 162         3040.20757
24 46         1902.91138
24 44         2321.54622
24 53         3144.89392
24 154         1698.47598
24 49         2597.46271
24 48         2257.90895
24 51          2881.4375
24 47         1905.38733
24 43         2628.26133
24 52         3063.88074
24 45          2264.9658
24 36         1614.67876
24 35         1348.99862
24 50         3041.01837
24 41         2390.72176
24 42          2612.6084
24 40         2068.89379
24 38         1425.04457
24 39         1591.65949
24 37          953.92527
24 34         822.538695
24 33         975.696614
24 32         1146.53265
24 23         500.109367
24 191         1161.56137
24 31         861.443415
24 28         341.405449
24 30         1209.31707
24 29         669.963913
24 27         442.195549
24 22         504.728965
24 26         823.511784
24 25         710.250813
24 21         871.945446
24 20         1212.28117
24 15         1813.91101
24 19         1491.04423
24 18         1736.34101
24 16         2127.29601
24 17         2213.11781
25 184         3101.42444
25 186         2990.30546
25 194         1628.97783
25 193         2253.27561
25 192         1830.99087
25 185         2546.67751
25 187         2912.53852
25 188         2828.41886
25 189         2744.37511
25 190         2269.72305
25 158         2576.03723
25 182         3085.78468
25 159         2788.43792
25 160         3015.37758
25 157         2041.35456
25 156             2314.8
25 155         2555.50514
25 152         2805.69792
25 151         3109.79527
25 153         2668.63315
25 46         2612.00522
25 44         3030.79673
25 154         2304.19021
25 48         2952.88741
25 47         2592.78373
25 45         2973.73032
25 36         2293.86962
25 35         2016.89645
25 41         3093.64466
25 40         2763.35396
25 38         2132.97291
25 39         2271.52405
25 37         1662.13008
25 34         1503.11598
25 33         1600.92589
25 32         1715.48231
25 23         1077.74514
25 191         1339.47189
25 31         1160.81392
25 28         889.945381
25 30         958.550218
25 29         717.624954
25 24         710.250813
25 27         513.162886
25 22         651.517553
25 26         318.567282
25 21         510.865312
25 20         553.543919
25 15         1184.21611
25 19         807.762341
25 18           1048.608
25 16         1417.91418
25 17         1541.06638
25 196         3015.20195
25 14          2671.1343
26 184         2846.23343
26 186         2719.20615
26 194           1310.709
26 193         1935.57846
26 192         1574.78255
26 185         2300.90164
26 187         2631.07875
26 188          2533.8883
26 189         2431.21751
26 190         1969.53794
26 158         2398.69644
26 182         2886.51556
26 159         2624.48755
26 160         2864.04403
26 157         1896.39372
26 156         2184.93711
26 155           2437.664
26 152         2698.37697
26 151         3012.89125
26 153         2613.70547
26 161         3163.16551
26 46         2666.34063
26 44         3111.85109
26 154         2230.14712
26 48         2963.37019
26 47          2594.2234
26 45         3023.40084
26 36         2288.22148
26 35         2003.61244
26 40          2886.0309
26 38         2226.22906
26 39         2414.75015
26 37         1758.68511
26 207         2904.54688
26 34         1520.22114
26 33         1564.08429
26 32          1635.5871
26 23         1273.65909
26 191         1110.64552
26 31         994.213115
26 28         881.485633
26 30         644.091016
26 29         532.250785
26 24         823.511784
26 27         453.715636
26 22         924.641414
26 25         318.567282
26 21         827.131207
26 20         742.179026
26 15         990.495733
26 19         930.213326
26 18         1145.25466
26 16         1383.47987
26 17         1645.27546
26 196          2749.6136
26 14         2489.45748
26 10         3084.14695
27 181         2882.86677
27 180         3020.46994
27 179         3163.56919
27 183         2941.25468
27 184          2649.4875
27 186         2563.40096
27 149         3112.62524
27 150         2914.84557
27 194         1431.06751
27 193         2020.02853
27 192          1396.1878
27 185         2087.17307
27 187         2506.44262
27 188         2456.04873
27 189         2453.77151
27 190         1924.63815
27 158         2068.69351
27 182         2585.98415
27 159         2277.41864
27 160         2502.58016
27 157         1528.62372
27 156         1801.82809
27 155          2043.9228
27 152         2296.33603
27 151         2603.47367
27 153         2179.26493
27 161         2787.92668
27 162          3083.1907
27 46         2214.27719
27 44         2664.43732
27 154         1804.84138
27 49         2863.75215
27 48          2510.8249
27 47         2142.57986
27 43         2946.01661
27 45         2570.52219
27 36         1837.38447
27 35         1553.77667
27 41         2758.42643
27 42         2999.31586
27 40         2455.30438
27 38         1785.40052
27 39         1999.15034
27 37         1322.77597
27 207         3018.24041
27 34         1066.51718
27 33         1119.33024
27 32         1212.00295
27 23         939.353322
27 191         883.758919
27 31         659.936583
27 28          427.77152
27 30         771.510143
27 29         276.801537
27 24         442.195549
27 22         767.580252
27 26         453.715636
27 25         513.162886
27 21         919.876235
27 20         1065.61771
27 15         1422.00556
27 19           1307.785
27 18         1541.74523
27 16         1832.90657
27 17         2040.16216
27 196         3082.45987
27 14         2912.36037
28 181         2622.40052
28 178         3083.53338
28 180         2746.89804
28 179         2878.15263
28 145         2972.59031
28 163          2992.3484
28 183         2755.02599
28 212         3100.92017
28 184         2526.91253
28 186         2485.95592
28 139         3153.36292
28 148         2939.29438
28 149           2693.132
28 146         2898.95043
28 147         2865.61538
28 150         2536.60752
28 194         1655.38567
28 193         2186.01953
28 192         1352.94277
28 185         1963.48413
28 187         2462.40892
28 188         2459.84531
28 189         2551.40654
28 190         1980.55111
28 158         1808.72294
28 182         2349.52913
28 159         1991.15734
28 160         2194.58881
28 157         1236.66684
28 156         1478.85659
28 155         1701.33709
28 152         1939.24236
28 151          2234.0659
28 153         1779.12308
28 161         2459.58175
28 162         2739.67368
28 46         1788.64907
28 44          2244.5897
28 53         3097.86598
28 154          1420.8397
28 49         2436.75344
28 48         2084.77587
28 51          2770.5412
28 47         1717.97464
28 43         2520.29619
28 52         2990.05929
28 45         2143.74187
28 36         1414.27786
28 35         1132.82928
28 50         2909.63669
28 41         2348.01563
28 42          2599.3833
28 40         2057.63124
28 38         1376.92422
28 39         1625.22696
28 37         926.846441
28 34         638.754048
28 33         711.054475
28 32         842.860618
28 23         748.073426
28 191         856.828155
28 31         541.276452
28 30          1069.7707
28 29         509.628568
28 24         341.405449
28 27          427.77152
28 22          844.53312
28 26         881.485633
28 25         889.945381
28 21          1171.9121
28 20         1435.94379
28 15         1838.97341
28 19         1697.68133
28 18         1938.15548
28 16         2258.04963
28 17         2430.75538
29 181         2680.09034
29 180         2824.27196
29 179          2973.6897
29 183         2704.16582
29 212          2915.8699
29 184         2393.44935
29 210         3086.74599
29 186         2297.43122
29 149         3074.42633
29 150         2805.52637
29 213          3111.6921
29 194         1184.89958
29 193          1757.7039
29 192         1130.57928
29 185         1834.60913
29 187         2235.17303
29 188         2180.21413
29 189          2180.2712
29 190         1647.90788
29 158         1873.32657
29 182         2372.79635
29 159         2095.26016
29 160         2332.69711
29 157         1364.15162
29 156          1653.2454
29 155         1907.33693
29 152         2169.81276
29 151         2486.51444
29 153          2107.4241
29 161         2630.93765
29 162         2936.91264
29 46         2256.18587
29 44         2726.88117
29 154         1715.96745
29 49         2861.92082
29 48         2503.59343
29 47         2130.45903
29 43         2983.94926
29 45         2602.55646
29 36          1822.5465
29 35         1536.43586
29 41         2843.13805
29 42         3101.86882
29 40         2562.02467
29 38         1876.77185
29 39          2134.8477
29 37         1434.62096
29 209         3006.70872
29 207         2757.83865
29 34         1103.27806
29 33         1087.55892
29 32         1124.61072
29 23         1167.60372
29 191         625.800574
29 31         462.309126
29 28         509.628568
29 30         562.477317
29 24         669.963913
29 27         276.801537
29 22          1043.5694
29 26         532.250785
29 25         717.624954
29 21         1175.00518
29 20         1246.36274
29 15         1377.86548
29 19         1457.86553
29 18         1677.05079
29 16         1886.88467
29 17          2177.3167
29 196         2913.53536
29 14         2832.61031
30 181          2780.1654
30 180         2939.75018
30 179         3103.30441
30 183         2684.83221
30 212         2733.23175
30 184         2293.58138
30 210         2806.15963
30 186         2136.47186
30 150         3115.82549
30 213         2992.81493
30 194         680.354091
30 193         1298.03279
30 192         1054.70593
30 185         1777.87415
30 187         2029.47487
30 188         1910.09244
30 189         1787.12652
30 190         1339.34051
30 158         2025.33217
30 182         2450.14644
30 159         2271.96501
30 160         2530.82181
30 157         1625.15615
30 156         1927.70892
30 155         2193.06488
30 152         2464.87327
30 151         2790.13622
30 153          2493.8481
30 161         2850.10157
30 46         2764.33263
30 154          2090.6588
30 48         2962.83058
30 47          2590.3779
30 45         3099.04522
30 36          2286.0852
30 35         2005.30429
30 40         3108.88438
30 38         2419.85559
30 39         2693.14908
30 37         1988.96877
30 208         2867.66039
30 209         2622.22929
30 206         2711.38752
30 207         2280.66536
30 204         2664.57606
30 34          1628.5885
30 33         1561.41776
30 32         1534.39585
30 23         1709.04871
30 191         724.848887
30 31         815.007271
30 28          1069.7707
30 29         562.477317
30 24         1209.31707
30 27         771.510143
30 22         1491.57731
30 26         644.091016
30 25         958.550218
30 21         1469.33724
30 20          1333.7269
30 15         988.169061
30 19         1449.71715
30 18         1614.97985
30 16         1639.10477
30 17         2087.60313
30 196         2353.72624
30 14         2342.27536
30 195         2968.11272
30 10         3104.69657
30 13         3142.21349
31 181         2227.23953
31 178         2739.17319
31 180         2368.21997
31 179         2515.28105
31 145         2793.01462
31 163         2749.39901
31 164         3005.34536
31 216          2913.0417
31 183         2285.35501
31 212         2574.31233
31 184            2015.74
31 210         2808.62882
31 186         1956.50752
31 140         3117.73614
31 148         2930.96736
31 149         2680.24053
31 146         2758.33519
31 147         2765.94916
31 150         2359.29256
31 213         2731.93565
31 211         3125.03327
31 177         2987.47347
31 194         1238.20037
31 193         1701.43407
31 192         812.129743
31 185         1450.60242
31 187         1924.91082
31 188         1918.59393
31 189         2027.42105
31 190          1447.7992
31 158          1416.1387
31 182         1926.82162
31 159         1634.25958
31 160         1870.42707
31 157         902.588735
31 156         1194.50929
31 155         1451.78425
31 152         1717.42829
31 151         2037.44986
31 153         1692.00533
31 161         2169.14139
31 162         2476.62352
31 46         1968.47749
31 44         2458.44231
31 154         1291.81882
31 49         2507.89369
31 48         2148.08641
31 51         2915.69387
31 47         1775.98675
31 43         2677.55057
31 45         2294.12315
31 36         1472.76003
31 35         1194.41381
31 50         3017.46156
31 41         2606.01286
31 42         2888.80083
31 40         2365.91928
31 38         1677.24168
31 39         2001.62458
31 37         1296.57568
31 209         2820.25412
31 207          2685.5152
31 34         875.763739
31 33         757.992165
31 32         720.696898
31 23         1286.58524
31 191         322.710468
31 28         541.276452
31 30         815.007271
31 29         462.309126
31 24         861.443415
31 27         659.936583
31 22         1340.41332
31 26         994.213115
31 25         1160.81392
31 21         1574.78481
31 20         1702.20847
31 15          1764.9353
31 19         1919.70065
31 18         2139.29592
31 16         2328.54458
31 17         2639.47035
31 196         3101.94944
31 14         3157.23964
32 175         3090.25352
32 181         1846.41941
32 178          2263.7281
32 180           1953.748
32 179         2071.38595
32 145         2140.18762
32 163         2149.55892
32 164         2390.55742
32 165         2711.31338
32 144         2614.11655
32 143         3059.95044
32 216         2723.31177
32 183         2079.28378
32 212          2585.0014
32 184          1968.7452
32 210         2945.26459
32 186         2012.61441
32 142         3035.83041
32 141         2659.54903
32 138         2713.59585
32 139         2460.26218
32 140         2408.52595
32 148         2211.66649
32 149         1960.97446
32 146         2080.80337
32 147         2068.77838
32 150         1703.18713
32 218         2814.02157
32 213         2632.95346
32 211         3149.20221
32 166         2794.62898
32 177         2476.14777
32 176         2704.17791
32 217         3089.28735
32 194         1872.34731
32 193         2217.34183
32 192         1126.83957
32 185         1451.73187
32 187         2053.57034
32 188         2142.82717
32 189          2410.5904
32 190         1819.33725
32 158         1063.19256
32 182         1613.22927
32 159          1199.4509
32 160         1375.10113
32 157         493.899571
32 156         660.200926
32 155         862.258325
32 152         1096.40281
32 151         1394.67192
32 153         982.868681
32 161         1623.52813
32 162         1897.64637
32 137         3100.31913
32 59         2754.30646
32 60         2819.61688
32 46         1311.53473
32 44         1808.54987
32 53          2678.0832
32 154         594.649382
32 49         1793.15549
32 48         1434.23669
32 57         3154.00203
32 51         2220.30294
32 47         1065.42615
32 58          2933.0965
32 43         1990.23293
32 52         2513.41119
32 45         1609.95014
32 36         770.498869
32 35         513.181273
32 50         2308.57054
32 41         1985.99383
32 42          2289.0129
32 40         1802.84777
32 38         1155.48004
32 39         1547.87471
32 37         938.662489
32 209         3114.08925
32 207         3136.14558
32 34         514.082187
32 33         242.568279
32 23         1338.50159
32 191         896.426941
32 31         720.696898
32 28         842.860618
32 30         1534.39585
32 29         1124.61072
32 24         1146.53265
32 27         1212.00295
32 22         1637.96003
32 26          1635.5871
32 25         1715.48231
32 21         2010.16861
32 20          2267.9206
32 15         2480.27377
32 19         2518.85008
32 18         2753.74658
32 16         3010.12343
33 181         2073.02076
33 178         2468.27068
33 180         2173.95757
33 179         2284.82563
33 145         2269.43291
33 163         2310.74629
33 164         2541.73278
33 165          2843.8708
33 144         2720.51714
33 143         3150.41868
33 216         2963.99962
33 183         2320.37704
33 212         2824.54249
33 184         2209.54948
33 186         2247.36997
33 142         3086.83318
33 141         2720.94093
33 138         2726.54632
33 139         2473.12666
33 140         2471.48655
33 148         2244.64753
33 149         1996.07584
33 146         2189.52864
33 147         2154.68703
33 150         1835.36731
33 218         3032.89739
33 213          2875.5155
33 166         2942.24478
33 177         2669.07831
33 176         2889.40682
33 194         1975.95546
33 193         2370.40104
33 192         1310.48751
33 185         1687.13736
33 187         2281.69129
33 188         2359.41303
33 189         2600.29019
33 190         2006.23511
33 158         1300.83191
33 182         1849.42293
33 159         1424.84268
33 160         1584.66297
33 157         736.159232
33 156         880.089511
33 155         1054.57904
33 152         1264.93704
33 151         1542.09217
33 153         1068.28158
33 161         1813.90952
33 162         2071.29014
33 137         3113.07201
33 59         2720.78604
33 60         2779.85365
33 46         1210.62505
33 44         1701.98749
33 53          2574.9487
33 154         722.800136
33 49         1775.20188
33 48         1416.35715
33 57         3081.11167
33 51         2162.27852
33 47          1043.0168
33 58         2851.64584
33 43         1921.70035
33 52         2428.86554
33 45         1538.15029
33 36         735.160199
33 35         449.369983
33 50         2273.58274
33 41         1857.55733
33 42         2148.97232
33 40         1641.33004
33 38         969.019445
33 39         1343.01068
33 37         703.897294
33 34         271.547038
33 32         242.568279
33 23         1112.39629
33 191         1001.21834
33 31         757.992165
33 28         711.054475
33 30         1561.41776
33 29         1087.55892
33 24         975.696614
33 27         1119.33024
33 22         1448.56358
33 26         1564.08429
33 25         1600.92589
33 21         1847.54764
33 20         2146.10627
33 15         2464.63985
33 19         2408.68646
33 18         2648.76548
33 16          2947.5312
33 17         3141.80984
34 181         2332.29952
34 178         2707.56011
34 180         2427.68166
34 179         2532.46443
34 145         2439.41928
34 163         2510.83962
34 164         2730.98666
34 165         3013.30901
34 144          2864.5469
34 183         2591.11345
34 212         3092.34746
34 184         2478.84226
34 186         2510.55535
34 141          2818.6705
34 138         2772.36434
34 139         2521.38007
34 140         2573.08482
34 148         2317.27059
34 149         2074.48577
34 146         2340.25311
34 147         2283.13116
34 150         2012.43872
34 213         3146.95382
34 166         3126.06094
34 177         2897.20197
34 176         3109.68063
34 194         2113.94874
34 193          2553.8845
34 192         1532.36364
34 185         1951.49387
34 187         2538.39397
34 188         2604.85178
34 189          2818.8093
34 190         2224.80176
34 158         1569.52302
34 182         2116.63372
34 159          1684.5523
34 160         1831.41827
34 157         1007.67205
34 156         1138.93332
